180
53
87
34
18
61
99
77
41
10
71
45
28
13
90
58
37
22
66
94
79
55
29
3
75
50
26
83
14
69
95
48
12
88
40
9
70
46
25
81
62
98
57
2
76
52
20
85
6
73
47
33
86
39
17
68
91
56
31
16
80
64
43
361
7
74
51
38
24
67
92
60
35
21
65
49
15
367
44
1
78
63
42
19
8
72
59
30
5
84
97
23
82
4
11
32
96
36
100
93
54
89
27
129
137
116
120
107
110
142
159
125
148
153
174
1820
131
164
171
198
199
121
138
155
145
168
115
193
189
144
190
102
113
185
196
149
140
162
109
194
157
166
202
206
211
220
235
223
216
201
239
248
229
243
254
207
213
242
225
260
269
262
277
276
290
287
271
370
297
300
283
310
304
291
322
315
326
339
345
349
336